led     (0.50, 2.55) 0.12
led     (0.85, 2.55) 0.12
led     (1.20, 2.55) 0.12
led     (1.55, 2.55) 0.12
led     (1.90, 2.55) 0.12
led     (2.25, 2.55) 0.12
led     (2.60, 2.55) 0.12
led     (2.95, 2.55) 0.12
led     (3.30, 2.55) 0.12
led     (3.65, 2.55) 0.12
led     (4.00, 2.55) 0.12
led     (4.35, 2.55) 0.12
led     (4.70, 2.55) 0.12
led     (5.05, 2.55) 0.12
led     (5.40, 2.55) 0.12
led     (5.75, 2.55) 0.12
key     (0.50, 3.90) 0.55 x 0.45
led     (0.50, 3.54) 0.12
key     (1.20, 3.90) 0.55 x 0.45
key     (1.90, 3.90) 0.55 x 0.45
key     (2.60, 3.90) 0.55 x 0.45
led     (2.60, 3.54) 0.12
key     (3.65, 3.90) 0.55 x 0.45
led     (3.65, 3.54) 0.12
key     (4.35, 3.90) 0.55 x 0.45
led     (4.35, 3.54) 0.12
key     (5.05, 3.90) 0.55 x 0.45
led     (5.05, 3.54) 0.12
key     (5.75, 3.90) 0.55 x 0.45
led     (5.75, 3.54) 0.12
key     (6.45, 3.90) 0.55 x 0.45
led     (6.45, 3.54) 0.12
key     (0.50, 1.20) 0.55 x 0.45
led     (0.50, 0.84) 0.12
key     (1.20, 1.20) 0.55 x 0.45
led     (1.20, 0.84) 0.12
key     (1.90, 1.20) 0.55 x 0.45
led     (1.90, 0.84) 0.12
key     (6.45, 1.20) 0.55 x 0.45
key     (6.45, 2.10) 0.55 x 0.45
led     (6.45, 1.74) 0.12
key     (6.45, 3.00) 0.55 x 0.45
led     (6.45, 2.64) 0.12
display (3.65, 1.20) 1.60 x 0.50
encoder (5.40, 0.90) 0.30
